1589568676 ; 1 ; 17213 ; 139807641159424 ; 4 ; -1 ; IWANT
1589568676 ; 2 ; 17213 ; 139807560824576 ; 2 ; -1 ; IWANT
1589568676 ; 1 ; 17213 ; 139807641159424 ; 4 ; 1 ; IAMIN
1589568676 ; 3 ; 17213 ; 139807552431872 ; 3 ; -1 ; IWANT
1589568676 ; 2 ; 17213 ; 139807560824576 ; 2 ; 2 ; IAMIN
1589568677 ; 4 ; 17213 ; 139807544039168 ; 1 ; -1 ; IWANT
1589568677 ; 3 ; 17213 ; 139807552431872 ; 3 ; 3 ; IAMIN
1589568677 ; 5 ; 17213 ; 139807535646464 ; 4 ; -1 ; IWANT
1589568677 ; 4 ; 17213 ; 139807544039168 ; 1 ; 4 ; IAMIN
1589568677 ; 6 ; 17213 ; 139807527253760 ; 1 ; -1 ; IWANT
1589568677 ; 5 ; 17213 ; 139807535646464 ; 4 ; 5 ; IAMIN
1589568677 ; 7 ; 17213 ; 139807518861056 ; 2 ; -1 ; IWANT
1589568677 ; 6 ; 17213 ; 139807527253760 ; 1 ; 6 ; IAMIN
1589568677 ; 8 ; 17213 ; 139807510468352 ; 3 ; -1 ; IWANT
1589568677 ; 7 ; 17213 ; 139807518861056 ; 2 ; 7 ; IAMIN
1589568677 ; 9 ; 17213 ; 139807502075648 ; 5 ; -1 ; IWANT
1589568677 ; 8 ; 17213 ; 139807510468352 ; 3 ; 8 ; IAMIN
1589568677 ; 10 ; 17213 ; 139807493682944 ; 2 ; -1 ; IWANT
1589568677 ; 9 ; 17213 ; 139807502075648 ; 5 ; 9 ; IAMIN
1589568677 ; 11 ; 17213 ; 139807485290240 ; 3 ; -1 ; IWANT
1589568677 ; 10 ; 17213 ; 139807493682944 ; 2 ; 10 ; IAMIN
1589568677 ; 12 ; 17213 ; 139807476897536 ; 3 ; -1 ; IWANT
1589568677 ; 13 ; 17213 ; 139807468504832 ; 1 ; -1 ; IWANT
1589568678 ; 14 ; 17213 ; 139807460112128 ; 5 ; -1 ; IWANT
1589568678 ; 11 ; 17213 ; 139807485290240 ; 3 ; 4 ; IAMIN
1589568678 ; 15 ; 17213 ; 139807451719424 ; 4 ; -1 ; IWANT
1589568678 ; 16 ; 17213 ; 139807443326720 ; 2 ; -1 ; IWANT
1589568678 ; 12 ; 17213 ; 139807476897536 ; 3 ; 6 ; IAMIN
1589568678 ; 17 ; 17213 ; 139807434934016 ; 1 ; -1 ; IWANT
1589568678 ; 18 ; 17213 ; 139807426541312 ; 2 ; -1 ; IWANT
1589568678 ; 19 ; 17213 ; 139807418148608 ; 3 ; -1 ; IWANT
1589568678 ; 20 ; 17213 ; 139807409755904 ; 2 ; -1 ; IWANT
1589568678 ; 21 ; 17213 ; 139807401363200 ; 2 ; -1 ; IWANT
1589568678 ; 22 ; 17213 ; 139807392970496 ; 4 ; -1 ; IWANT
1589568678 ; 13 ; 17213 ; 139807468504832 ; 1 ; 2 ; IAMIN
1589568678 ; 23 ; 17213 ; 139807384577792 ; 3 ; -1 ; IWANT
1589568679 ; 24 ; 17213 ; 139807376185088 ; 5 ; -1 ; IWANT
1589568679 ; 25 ; 17213 ; 139807367792384 ; 3 ; -1 ; IWANT
1589568679 ; 26 ; 17213 ; 139807359399680 ; 1 ; -1 ; IWANT
1589568679 ; 27 ; 17213 ; 139807351006976 ; 3 ; -1 ; IWANT
1589568679 ; 14 ; 17213 ; 139807460112128 ; 5 ; 7 ; IAMIN
1589568679 ; 28 ; 17213 ; 139807342614272 ; 4 ; -1 ; IWANT
1589568679 ; 29 ; 17213 ; 139807334221568 ; 3 ; -1 ; IWANT
1589568679 ; 30 ; 17213 ; 139807325828864 ; 1 ; -1 ; IWANT
1589568679 ; 15 ; 17213 ; 139807451719424 ; 4 ; 10 ; IAMIN
1589568679 ; 31 ; 17213 ; 139807317436160 ; 5 ; -1 ; IWANT
1589568679 ; 32 ; 17213 ; 139807309043456 ; 3 ; -1 ; IWANT
1589568679 ; 16 ; 17213 ; 139807443326720 ; 2 ; 2 ; IAMIN
1589568679 ; 33 ; 17213 ; 139807300650752 ; 3 ; -1 ; IWANT
1589568680 ; 17 ; 17213 ; 139807434934016 ; 1 ; 3 ; IAMIN
1589568680 ; 34 ; 17213 ; 139807292258048 ; 4 ; -1 ; IWANT
1589568680 ; 35 ; 17213 ; 139807283865344 ; 5 ; -1 ; IWANT
1589568680 ; 36 ; 17213 ; 139807275472640 ; 3 ; -1 ; IWANT
1589568680 ; 37 ; 17213 ; 139807267079936 ; 4 ; -1 ; IWANT
1589568680 ; 38 ; 17213 ; 139807258687232 ; 2 ; -1 ; IWANT
1589568680 ; 18 ; 17213 ; 139807426541312 ; 2 ; 8 ; IAMIN
1589568680 ; 39 ; 17213 ; 139807250294528 ; 2 ; -1 ; IWANT
1589568680 ; 40 ; 17213 ; 139807241901824 ; 3 ; -1 ; IWANT
1589568680 ; 41 ; 17213 ; 139807233509120 ; 5 ; -1 ; IWANT
1589568680 ; 19 ; 17213 ; 139807418148608 ; 3 ; 1 ; IAMIN
1589568680 ; 42 ; 17213 ; 139807225116416 ; 4 ; -1 ; IWANT
1589568680 ; 43 ; 17213 ; 139807216723712 ; 2 ; -1 ; IWANT
1589568681 ; 20 ; 17213 ; 139807409755904 ; 2 ; 3 ; IAMIN
1589568681 ; 21 ; 17213 ; 139807401363200 ; 2 ; 4 ; IAMIN
1589568682 ; 22 ; 17213 ; 139807392970496 ; 4 ; -1 ; CLOSD
1589568683 ; 23 ; 17213 ; 139807384577792 ; 3 ; -1 ; CLOSD
1589568684 ; 24 ; 17213 ; 139807376185088 ; 5 ; -1 ; CLOSD
1589568685 ; 25 ; 17213 ; 139807367792384 ; 3 ; -1 ; CLOSD
1589568686 ; 26 ; 17213 ; 139807359399680 ; 1 ; -1 ; CLOSD
1589568687 ; 27 ; 17213 ; 139807351006976 ; 3 ; -1 ; CLOSD
1589568688 ; 28 ; 17213 ; 139807342614272 ; 4 ; -1 ; CLOSD
1589568689 ; 29 ; 17213 ; 139807334221568 ; 3 ; -1 ; CLOSD
1589568690 ; 30 ; 17213 ; 139807325828864 ; 1 ; -1 ; CLOSD
1589568691 ; 31 ; 17213 ; 139807317436160 ; 5 ; -1 ; CLOSD
1589568692 ; 32 ; 17213 ; 139807309043456 ; 3 ; -1 ; CLOSD
1589568693 ; 33 ; 17213 ; 139807300650752 ; 3 ; -1 ; CLOSD
1589568694 ; 34 ; 17213 ; 139807292258048 ; 4 ; -1 ; CLOSD
1589568695 ; 35 ; 17213 ; 139807283865344 ; 5 ; -1 ; CLOSD
1589568696 ; 36 ; 17213 ; 139807275472640 ; 3 ; -1 ; CLOSD
1589568697 ; 37 ; 17213 ; 139807267079936 ; 4 ; -1 ; CLOSD
1589568698 ; 38 ; 17213 ; 139807258687232 ; 2 ; -1 ; CLOSD
1589568699 ; 39 ; 17213 ; 139807250294528 ; 2 ; -1 ; CLOSD
1589568700 ; 40 ; 17213 ; 139807241901824 ; 3 ; -1 ; CLOSD
1589568701 ; 41 ; 17213 ; 139807233509120 ; 5 ; -1 ; CLOSD
1589568702 ; 42 ; 17213 ; 139807225116416 ; 4 ; -1 ; CLOSD
1589568703 ; 43 ; 17213 ; 139807216723712 ; 2 ; -1 ; CLOSD
Client closed
